2022/02/27-20:02:47.221317 7fd56761d000 RocksDB version: 6.20.3
2022/02/27-20:02:47.221471 7fd56761d000 Git sha 8608d75d85f8e1b3b64b73a4fb6d19baec61ba5c
2022/02/27-20:02:47.221477 7fd56761d000 Compile date 2021-05-05 20:35:30
2022/02/27-20:02:47.222088 7fd56761d000 DB SUMMARY
2022/02/27-20:02:47.222094 7fd56761d000 DB Session ID:  1WM0T42FWI9D3WDLXSDD
2022/02/27-20:02:47.222153 7fd56761d000 SST files in test-ledger/rocksdb dir, Total Num: 0, files: 
2022/02/27-20:02:47.222159 7fd56761d000 Write Ahead Log file in test-ledger/rocksdb: 
2022/02/27-20:02:47.222161 7fd56761d000                         Options.error_if_exists: 0
2022/02/27-20:02:47.222164 7fd56761d000                       Options.create_if_missing: 1
2022/02/27-20:02:47.222166 7fd56761d000                         Options.paranoid_checks: 1
2022/02/27-20:02:47.222168 7fd56761d000                               Options.track_and_verify_wals_in_manifest: 0
2022/02/27-20:02:47.222170 7fd56761d000                                     Options.env: 0x5599bb6167a0
2022/02/27-20:02:47.222173 7fd56761d000                                      Options.fs: Posix File System
2022/02/27-20:02:47.222175 7fd56761d000                                Options.info_log: 0x5599bd0afe70
2022/02/27-20:02:47.222177 7fd56761d000                Options.max_file_opening_threads: 16
2022/02/27-20:02:47.222179 7fd56761d000                              Options.statistics: (nil)
2022/02/27-20:02:47.222181 7fd56761d000                               Options.use_fsync: 0
2022/02/27-20:02:47.222183 7fd56761d000                       Options.max_log_file_size: 0
2022/02/27-20:02:47.222185 7fd56761d000                  Options.max_manifest_file_size: 1073741824
2022/02/27-20:02:47.222187 7fd56761d000                   Options.log_file_time_to_roll: 0
2022/02/27-20:02:47.222190 7fd56761d000                       Options.keep_log_file_num: 1000
2022/02/27-20:02:47.222192 7fd56761d000                    Options.recycle_log_file_num: 0
2022/02/27-20:02:47.222194 7fd56761d000                         Options.allow_fallocate: 1
2022/02/27-20:02:47.222196 7fd56761d000                        Options.allow_mmap_reads: 0
2022/02/27-20:02:47.222198 7fd56761d000                       Options.allow_mmap_writes: 0
2022/02/27-20:02:47.222200 7fd56761d000                        Options.use_direct_reads: 0
2022/02/27-20:02:47.222202 7fd56761d000                        Options.use_direct_io_for_flush_and_compaction: 0
2022/02/27-20:02:47.222204 7fd56761d000          Options.create_missing_column_families: 1
2022/02/27-20:02:47.222206 7fd56761d000                              Options.db_log_dir: 
2022/02/27-20:02:47.222208 7fd56761d000                                 Options.wal_dir: test-ledger/rocksdb
2022/02/27-20:02:47.222210 7fd56761d000                Options.table_cache_numshardbits: 6
2022/02/27-20:02:47.222212 7fd56761d000                         Options.WAL_ttl_seconds: 0
2022/02/27-20:02:47.222214 7fd56761d000                       Options.WAL_size_limit_MB: 0
2022/02/27-20:02:47.222216 7fd56761d000                        Options.max_write_batch_group_size_bytes: 1048576
2022/02/27-20:02:47.222218 7fd56761d000             Options.manifest_preallocation_size: 4194304
2022/02/27-20:02:47.222220 7fd56761d000                     Options.is_fd_close_on_exec: 1
2022/02/27-20:02:47.222222 7fd56761d000                   Options.advise_random_on_open: 1
2022/02/27-20:02:47.222224 7fd56761d000                    Options.db_write_buffer_size: 0
2022/02/27-20:02:47.222226 7fd56761d000                    Options.write_buffer_manager: 0x5599bd0fcc50
2022/02/27-20:02:47.222228 7fd56761d000         Options.access_hint_on_compaction_start: 1
2022/02/27-20:02:47.222230 7fd56761d000  Options.new_table_reader_for_compaction_inputs: 0
2022/02/27-20:02:47.222232 7fd56761d000           Options.random_access_max_buffer_size: 1048576
2022/02/27-20:02:47.222234 7fd56761d000                      Options.use_adaptive_mutex: 0
2022/02/27-20:02:47.222236 7fd56761d000                            Options.rate_limiter: (nil)
2022/02/27-20:02:47.222238 7fd56761d000     Options.sst_file_manager.rate_bytes_per_sec: 0
2022/02/27-20:02:47.222257 7fd56761d000                       Options.wal_recovery_mode: 2
2022/02/27-20:02:47.222259 7fd56761d000                  Options.enable_thread_tracking: 0
2022/02/27-20:02:47.222261 7fd56761d000                  Options.enable_pipelined_write: 0
2022/02/27-20:02:47.222263 7fd56761d000                  Options.unordered_write: 0
2022/02/27-20:02:47.222265 7fd56761d000         Options.allow_concurrent_memtable_write: 1
2022/02/27-20:02:47.222267 7fd56761d000      Options.enable_write_thread_adaptive_yield: 1
2022/02/27-20:02:47.222269 7fd56761d000             Options.write_thread_max_yield_usec: 100
2022/02/27-20:02:47.222271 7fd56761d000            Options.write_thread_slow_yield_usec: 3
2022/02/27-20:02:47.222273 7fd56761d000                               Options.row_cache: None
2022/02/27-20:02:47.222275 7fd56761d000                              Options.wal_filter: None
2022/02/27-20:02:47.222277 7fd56761d000             Options.avoid_flush_during_recovery: 0
2022/02/27-20:02:47.222279 7fd56761d000             Options.allow_ingest_behind: 0
2022/02/27-20:02:47.222281 7fd56761d000             Options.preserve_deletes: 0
2022/02/27-20:02:47.222283 7fd56761d000             Options.two_write_queues: 0
2022/02/27-20:02:47.222285 7fd56761d000             Options.manual_wal_flush: 0
2022/02/27-20:02:47.222287 7fd56761d000             Options.atomic_flush: 0
2022/02/27-20:02:47.222289 7fd56761d000             Options.avoid_unnecessary_blocking_io: 0
2022/02/27-20:02:47.222291 7fd56761d000                 Options.persist_stats_to_disk: 0
2022/02/27-20:02:47.222293 7fd56761d000                 Options.write_dbid_to_manifest: 0
2022/02/27-20:02:47.222295 7fd56761d000                 Options.log_readahead_size: 0
2022/02/27-20:02:47.222297 7fd56761d000                 Options.file_checksum_gen_factory: Unknown
2022/02/27-20:02:47.222299 7fd56761d000                 Options.best_efforts_recovery: 0
2022/02/27-20:02:47.222301 7fd56761d000                Options.max_bgerror_resume_count: 2147483647
2022/02/27-20:02:47.222303 7fd56761d000            Options.bgerror_resume_retry_interval: 1000000
2022/02/27-20:02:47.222305 7fd56761d000             Options.allow_data_in_errors: 0
2022/02/27-20:02:47.222307 7fd56761d000             Options.db_host_id: __hostname__
2022/02/27-20:02:47.222309 7fd56761d000             Options.max_background_jobs: 4
2022/02/27-20:02:47.222311 7fd56761d000             Options.max_background_compactions: -1
2022/02/27-20:02:47.222313 7fd56761d000             Options.max_subcompactions: 1
2022/02/27-20:02:47.222315 7fd56761d000             Options.avoid_flush_during_shutdown: 0
2022/02/27-20:02:47.222317 7fd56761d000           Options.writable_file_max_buffer_size: 1048576
2022/02/27-20:02:47.222319 7fd56761d000             Options.delayed_write_rate : 16777216
2022/02/27-20:02:47.222321 7fd56761d000             Options.max_total_wal_size: 4294967296
2022/02/27-20:02:47.222323 7fd56761d000             Options.delete_obsolete_files_period_micros: 21600000000
2022/02/27-20:02:47.222325 7fd56761d000                   Options.stats_dump_period_sec: 600
2022/02/27-20:02:47.222327 7fd56761d000                 Options.stats_persist_period_sec: 600
2022/02/27-20:02:47.222329 7fd56761d000                 Options.stats_history_buffer_size: 1048576
2022/02/27-20:02:47.222331 7fd56761d000                          Options.max_open_files: -1
2022/02/27-20:02:47.222333 7fd56761d000                          Options.bytes_per_sync: 0
2022/02/27-20:02:47.222335 7fd56761d000                      Options.wal_bytes_per_sync: 0
2022/02/27-20:02:47.222337 7fd56761d000                   Options.strict_bytes_per_sync: 0
2022/02/27-20:02:47.222339 7fd56761d000       Options.compaction_readahead_size: 0
2022/02/27-20:02:47.222341 7fd56761d000                  Options.max_background_flushes: -1
2022/02/27-20:02:47.222343 7fd56761d000 Compression algorithms supported:
2022/02/27-20:02:47.222346 7fd56761d000 	kZSTDNotFinalCompression supported: 0
2022/02/27-20:02:47.222349 7fd56761d000 	kZSTD supported: 0
2022/02/27-20:02:47.222364 7fd56761d000 	kXpressCompression supported: 0
2022/02/27-20:02:47.222367 7fd56761d000 	kLZ4HCCompression supported: 1
2022/02/27-20:02:47.222369 7fd56761d000 	kLZ4Compression supported: 1
2022/02/27-20:02:47.222371 7fd56761d000 	kBZip2Compression supported: 0
2022/02/27-20:02:47.222374 7fd56761d000 	kZlibCompression supported: 0
2022/02/27-20:02:47.222376 7fd56761d000 	kSnappyCompression supported: 0
2022/02/27-20:02:47.222379 7fd56761d000 Fast CRC32 supported: Not supported on x86
2022/02/27-20:02:47.930415 7fd56761d000 [db/db_impl/db_impl_open.cc:285] Creating manifest 1 
2022/02/27-20:02:49.135738 7fd56761d000 [db/version_set.cc:4627] Recovering from manifest file: test-ledger/rocksdb/MANIFEST-000001
2022/02/27-20:02:49.138191 7fd56761d000 [db/column_family.cc:598] --------------- Options for column family [default]:
2022/02/27-20:02:49.138205 7fd56761d000               Options.comparator: leveldb.BytewiseComparator
2022/02/27-20:02:49.138211 7fd56761d000           Options.merge_operator: None
2022/02/27-20:02:49.138215 7fd56761d000        Options.compaction_filter: None
2022/02/27-20:02:49.138219 7fd56761d000        Options.compaction_filter_factory: None
2022/02/27-20:02:49.138223 7fd56761d000  Options.sst_partitioner_factory: None
2022/02/27-20:02:49.138227 7fd56761d000         Options.memtable_factory: SkipListFactory
2022/02/27-20:02:49.138232 7fd56761d000            Options.table_factory: BlockBasedTable
2022/02/27-20:02:49.138314 7fd56761d000            table_factory options:   flush_block_policy_factory: FlushBlockBySizePolicyFactory (0x5599bd0f60c0)
  cache_index_and_filter_blocks: 0
  cache_index_and_filter_blocks_with_high_priority: 1
  pin_l0_filter_and_index_blocks_in_cache: 0
  pin_top_level_index_and_filter: 1
  index_type: 0
  data_block_index_type: 0
  index_shortening: 1
  data_block_hash_table_util_ratio: 0.750000
  hash_index_allow_collision: 1
  checksum: 1
  no_block_cache: 0
  block_cache: 0x5599bd0f6110
  block_cache_name: LRUCache
  block_cache_options:
    capacity : 8388608
    num_shard_bits : 4
    strict_capacity_limit : 0
    memory_allocator : None
    high_pri_pool_ratio: 0.000
  block_cache_compressed: (nil)
  persistent_cache: (nil)
  block_size: 4096
  block_size_deviation: 10
  block_restart_interval: 16
  index_block_restart_interval: 1
  metadata_block_size: 4096
  partition_filters: 0
  use_delta_encoding: 1
  filter_policy: nullptr
  whole_key_filtering: 1
  verify_compression: 0
  read_amp_bytes_per_bit: 0
  format_version: 5
  enable_index_compression: 1
  block_align: 0
2022/02/27-20:02:49.138320 7fd56761d000        Options.write_buffer_size: 67108864
2022/02/27-20:02:49.138324 7fd56761d000  Options.max_write_buffer_number: 2
2022/02/27-20:02:49.138328 7fd56761d000          Options.compression: NoCompression
2022/02/27-20:02:49.138332 7fd56761d000                  Options.bottommost_compression: Disabled
2022/02/27-20:02:49.138336 7fd56761d000       Options.prefix_extractor: nullptr
2022/02/27-20:02:49.138340 7fd56761d000   Options.memtable_insert_with_hint_prefix_extractor: nullptr
2022/02/27-20:02:49.138344 7fd56761d000             Options.num_levels: 7
2022/02/27-20:02:49.138348 7fd56761d000        Options.min_write_buffer_number_to_merge: 1
2022/02/27-20:02:49.138352 7fd56761d000     Options.max_write_buffer_number_to_maintain: 0
2022/02/27-20:02:49.138356 7fd56761d000     Options.max_write_buffer_size_to_maintain: 0
2022/02/27-20:02:49.138360 7fd56761d000            Options.bottommost_compression_opts.window_bits: -14
2022/02/27-20:02:49.138364 7fd56761d000                  Options.bottommost_compression_opts.level: 32767
2022/02/27-20:02:49.138368 7fd56761d000               Options.bottommost_compression_opts.strategy: 0
2022/02/27-20:02:49.138372 7fd56761d000         Options.bottommost_compression_opts.max_dict_bytes: 0
2022/02/27-20:02:49.138376 7fd56761d000         Options.bottommost_compression_opts.zstd_max_train_bytes: 0
2022/02/27-20:02:49.138379 7fd56761d000         Options.bottommost_compression_opts.parallel_threads: 1
2022/02/27-20:02:49.138383 7fd56761d000                  Options.bottommost_compression_opts.enabled: false
2022/02/27-20:02:49.138431 7fd56761d000         Options.bottommost_compression_opts.max_dict_buffer_bytes: 0
2022/02/27-20:02:49.138436 7fd56761d000            Options.compression_opts.window_bits: -14
2022/02/27-20:02:49.138440 7fd56761d000                  Options.compression_opts.level: 32767
2022/02/27-20:02:49.138444 7fd56761d000               Options.compression_opts.strategy: 0
2022/02/27-20:02:49.138447 7fd56761d000         Options.compression_opts.max_dict_bytes: 0
2022/02/27-20:02:49.138451 7fd56761d000         Options.compression_opts.zstd_max_train_bytes: 0
2022/02/27-20:02:49.138455 7fd56761d000         Options.compression_opts.parallel_threads: 1
2022/02/27-20:02:49.138459 7fd56761d000                  Options.compression_opts.enabled: false
2022/02/27-20:02:49.138463 7fd56761d000         Options.compression_opts.max_dict_buffer_bytes: 0
2022/02/27-20:02:49.138466 7fd56761d000      Options.level0_file_num_compaction_trigger: 4
2022/02/27-20:02:49.138470 7fd56761d000          Options.level0_slowdown_writes_trigger: 20
2022/02/27-20:02:49.138474 7fd56761d000              Options.level0_stop_writes_trigger: 36
2022/02/27-20:02:49.138478 7fd56761d000                   Options.target_file_size_base: 67108864
2022/02/27-20:02:49.138482 7fd56761d000             Options.target_file_size_multiplier: 1
2022/02/27-20:02:49.138486 7fd56761d000                Options.max_bytes_for_level_base: 268435456
2022/02/27-20:02:49.138490 7fd56761d000 Options.level_compaction_dynamic_level_bytes: 0
2022/02/27-20:02:49.138494 7fd56761d000          Options.max_bytes_for_level_multiplier: 10.000000
2022/02/27-20:02:49.138501 7fd56761d000 Options.max_bytes_for_level_multiplier_addtl[0]: 1
2022/02/27-20:02:49.138505 7fd56761d000 Options.max_bytes_for_level_multiplier_addtl[1]: 1
2022/02/27-20:02:49.138509 7fd56761d000 Options.max_bytes_for_level_multiplier_addtl[2]: 1
2022/02/27-20:02:49.138513 7fd56761d000 Options.max_bytes_for_level_multiplier_addtl[3]: 1
2022/02/27-20:02:49.138517 7fd56761d000 Options.max_bytes_for_level_multiplier_addtl[4]: 1
2022/02/27-20:02:49.138520 7fd56761d000 Options.max_bytes_for_level_multiplier_addtl[5]: 1
2022/02/27-20:02:49.138524 7fd56761d000 Options.max_bytes_for_level_multiplier_addtl[6]: 1
2022/02/27-20:02:49.138528 7fd56761d000       Options.max_sequential_skip_in_iterations: 8
2022/02/27-20:02:49.138532 7fd56761d000                    Options.max_compaction_bytes: 1677721600
2022/02/27-20:02:49.138536 7fd56761d000                        Options.arena_block_size: 8388608
2022/02/27-20:02:49.138540 7fd56761d000   Options.soft_pending_compaction_bytes_limit: 68719476736
2022/02/27-20:02:49.138545 7fd56761d000   Options.hard_pending_compaction_bytes_limit: 274877906944
2022/02/27-20:02:49.138549 7fd56761d000       Options.rate_limit_delay_max_milliseconds: 100
2022/02/27-20:02:49.138553 7fd56761d000                Options.disable_auto_compactions: 0
2022/02/27-20:02:49.138576 7fd56761d000                        Options.compaction_style: kCompactionStyleLevel
2022/02/27-20:02:49.138581 7fd56761d000                          Options.compaction_pri: kMinOverlappingRatio
2022/02/27-20:02:49.138585 7fd56761d000 Options.compaction_options_universal.size_ratio: 1
2022/02/27-20:02:49.138589 7fd56761d000 Options.compaction_options_universal.min_merge_width: 2
2022/02/27-20:02:49.138592 7fd56761d000 Options.compaction_options_universal.max_merge_width: 4294967295
2022/02/27-20:02:49.138597 7fd56761d000 Options.compaction_options_universal.max_size_amplification_percent: 200
2022/02/27-20:02:49.138603 7fd56761d000 Options.compaction_options_universal.compression_size_percent: -1
2022/02/27-20:02:49.138612 7fd56761d000 Options.compaction_options_universal.stop_style: kCompactionStopStyleTotalSize
2022/02/27-20:02:49.138618 7fd56761d000 Options.compaction_options_fifo.max_table_files_size: 1073741824
2022/02/27-20:02:49.138626 7fd56761d000 Options.compaction_options_fifo.allow_compaction: 0
2022/02/27-20:02:49.138649 7fd56761d000                   Options.table_properties_collectors: 
2022/02/27-20:02:49.138690 7fd56761d000                   Options.inplace_update_support: 0
2022/02/27-20:02:49.138699 7fd56761d000                 Options.inplace_update_num_locks: 10000
2022/02/27-20:02:49.138707 7fd56761d000               Options.memtable_prefix_bloom_size_ratio: 0.000000
2022/02/27-20:02:49.138716 7fd56761d000               Options.memtable_whole_key_filtering: 0
2022/02/27-20:02:49.138723 7fd56761d000   Options.memtable_huge_page_size: 0
2022/02/27-20:02:49.138729 7fd56761d000                           Options.bloom_locality: 0
2022/02/27-20:02:49.138737 7fd56761d000                    Options.max_successive_merges: 0
2022/02/27-20:02:49.138744 7fd56761d000                Options.optimize_filters_for_hits: 0
2022/02/27-20:02:49.138751 7fd56761d000                Options.paranoid_file_checks: 0
2022/02/27-20:02:49.138758 7fd56761d000                Options.force_consistency_checks: 1
2022/02/27-20:02:49.138765 7fd56761d000                Options.report_bg_io_stats: 0
2022/02/27-20:02:49.138773 7fd56761d000                               Options.ttl: 2592000
2022/02/27-20:02:49.138780 7fd56761d000          Options.periodic_compaction_seconds: 0
2022/02/27-20:02:49.138787 7fd56761d000                    Options.enable_blob_files: false
2022/02/27-20:02:49.138795 7fd56761d000                        Options.min_blob_size: 0
2022/02/27-20:02:49.138803 7fd56761d000                       Options.blob_file_size: 268435456
2022/02/27-20:02:49.138811 7fd56761d000                Options.blob_compression_type: NoCompression
2022/02/27-20:02:49.138818 7fd56761d000       Options.enable_blob_garbage_collection: false
2022/02/27-20:02:49.138826 7fd56761d000   Options.blob_garbage_collection_age_cutoff: 0.250000
2022/02/27-20:02:49.140573 7fd56761d000 [db/version_set.cc:4675] Recovered from manifest file:test-ledger/rocksdb/MANIFEST-000001 succeeded,manifest_file_number is 1, next_file_number is 3, last_sequence is 0, log_number is 0,prev_log_number is 0,max_column_family is 0,min_log_number_to_keep is 0
2022/02/27-20:02:49.140594 7fd56761d000 [db/version_set.cc:4684] Column family [default] (ID 0), log number is 0
2022/02/27-20:02:49.140706 7fd56761d000 [db/version_set.cc:4119] Creating manifest 4
2022/02/27-20:02:49.673274 7fd56761d000 [db/column_family.cc:598] --------------- Options for column family [meta]:
2022/02/27-20:02:49.673289 7fd56761d000               Options.comparator: leveldb.BytewiseComparator
2022/02/27-20:02:49.673292 7fd56761d000           Options.merge_operator: None
2022/02/27-20:02:49.673294 7fd56761d000        Options.compaction_filter: None
2022/02/27-20:02:49.673303 7fd56761d000        Options.compaction_filter_factory: purged_slot_filter_factory(meta)
2022/02/27-20:02:49.673305 7fd56761d000  Options.sst_partitioner_factory: None
2022/02/27-20:02:49.673308 7fd56761d000         Options.memtable_factory: SkipListFactory
2022/02/27-20:02:49.673310 7fd56761d000            Options.table_factory: BlockBasedTable
2022/02/27-20:02:49.673347 7fd56761d000            table_factory options:   flush_block_policy_factory: FlushBlockBySizePolicyFactory (0x5599bd0cb230)
  cache_index_and_filter_blocks: 0
  cache_index_and_filter_blocks_with_high_priority: 1
  pin_l0_filter_and_index_blocks_in_cache: 0
  pin_top_level_index_and_filter: 1
  index_type: 0
  data_block_index_type: 0
  index_shortening: 1
  data_block_hash_table_util_ratio: 0.750000
  hash_index_allow_collision: 1
  checksum: 1
  no_block_cache: 0
  block_cache: 0x5599bd0cb280
  block_cache_name: LRUCache
  block_cache_options:
    capacity : 8388608
    num_shard_bits : 4
    strict_capacity_limit : 0
    memory_allocator : None
    high_pri_pool_ratio: 0.000
  block_cache_compressed: (nil)
  persistent_cache: (nil)
  block_size: 4096
  block_size_deviation: 10
  block_restart_interval: 16
  index_block_restart_interval: 1
  metadata_block_size: 4096
  partition_filters: 0
  use_delta_encoding: 1
  filter_policy: nullptr
  whole_key_filtering: 1
  verify_compression: 0
  read_amp_bytes_per_bit: 0
  format_version: 5
  enable_index_compression: 1
  block_align: 0
2022/02/27-20:02:49.673351 7fd56761d000        Options.write_buffer_size: 268435456
2022/02/27-20:02:49.673353 7fd56761d000  Options.max_write_buffer_number: 8
2022/02/27-20:02:49.673355 7fd56761d000          Options.compression: NoCompression
2022/02/27-20:02:49.673358 7fd56761d000                  Options.bottommost_compression: Disabled
2022/02/27-20:02:49.673360 7fd56761d000       Options.prefix_extractor: nullptr
2022/02/27-20:02:49.673362 7fd56761d000   Options.memtable_insert_with_hint_prefix_extractor: nullptr
2022/02/27-20:02:49.673364 7fd56761d000             Options.num_levels: 7
2022/02/27-20:02:49.673366 7fd56761d000        Options.min_write_buffer_number_to_merge: 1
2022/02/27-20:02:49.673368 7fd56761d000     Options.max_write_buffer_number_to_maintain: 0
2022/02/27-20:02:49.673370 7fd56761d000     Options.max_write_buffer_size_to_maintain: 0
2022/02/27-20:02:49.673372 7fd56761d000            Options.bottommost_compression_opts.window_bits: -14
2022/02/27-20:02:49.673374 7fd56761d000                  Options.bottommost_compression_opts.level: 32767
2022/02/27-20:02:49.673376 7fd56761d000               Options.bottommost_compression_opts.strategy: 0
2022/02/27-20:02:49.673378 7fd56761d000         Options.bottommost_compression_opts.max_dict_bytes: 0
2022/02/27-20:02:49.673381 7fd56761d000         Options.bottommost_compression_opts.zstd_max_train_bytes: 0
2022/02/27-20:02:49.673383 7fd56761d000         Options.bottommost_compression_opts.parallel_threads: 1
2022/02/27-20:02:49.673385 7fd56761d000                  Options.bottommost_compression_opts.enabled: false
2022/02/27-20:02:49.673387 7fd56761d000         Options.bottommost_compression_opts.max_dict_buffer_bytes: 0
2022/02/27-20:02:49.673389 7fd56761d000            Options.compression_opts.window_bits: -14
2022/02/27-20:02:49.673391 7fd56761d000                  Options.compression_opts.level: 32767
2022/02/27-20:02:49.673393 7fd56761d000               Options.compression_opts.strategy: 0
2022/02/27-20:02:49.673395 7fd56761d000         Options.compression_opts.max_dict_bytes: 0
2022/02/27-20:02:49.673397 7fd56761d000         Options.compression_opts.zstd_max_train_bytes: 0
2022/02/27-20:02:49.673399 7fd56761d000         Options.compression_opts.parallel_threads: 1
2022/02/27-20:02:49.673439 7fd56761d000                  Options.compression_opts.enabled: false
2022/02/27-20:02:49.673444 7fd56761d000         Options.compression_opts.max_dict_buffer_bytes: 0
2022/02/27-20:02:49.673448 7fd56761d000      Options.level0_file_num_compaction_trigger: 4
2022/02/27-20:02:49.673452 7fd56761d000          Options.level0_slowdown_writes_trigger: 20
2022/02/27-20:02:49.673455 7fd56761d000              Options.level0_stop_writes_trigger: 36
2022/02/27-20:02:49.673458 7fd56761d000                   Options.target_file_size_base: 107374182
2022/02/27-20:02:49.673460 7fd56761d000             Options.target_file_size_multiplier: 1
2022/02/27-20:02:49.673462 7fd56761d000                Options.max_bytes_for_level_base: 1073741824
2022/02/27-20:02:49.673464 7fd56761d000 Options.level_compaction_dynamic_level_bytes: 0
2022/02/27-20:02:49.673466 7fd56761d000          Options.max_bytes_for_level_multiplier: 10.000000
2022/02/27-20:02:49.673471 7fd56761d000 Options.max_bytes_for_level_multiplier_addtl[0]: 1
2022/02/27-20:02:49.673473 7fd56761d000 Options.max_bytes_for_level_multiplier_addtl[1]: 1
2022/02/27-20:02:49.673475 7fd56761d000 Options.max_bytes_for_level_multiplier_addtl[2]: 1
2022/02/27-20:02:49.673477 7fd56761d000 Options.max_bytes_for_level_multiplier_addtl[3]: 1
2022/02/27-20:02:49.673479 7fd56761d000 Options.max_bytes_for_level_multiplier_addtl[4]: 1
2022/02/27-20:02:49.673481 7fd56761d000 Options.max_bytes_for_level_multiplier_addtl[5]: 1
2022/02/27-20:02:49.673483 7fd56761d000 Options.max_bytes_for_level_multiplier_addtl[6]: 1
2022/02/27-20:02:49.673485 7fd56761d000       Options.max_sequential_skip_in_iterations: 8
2022/02/27-20:02:49.673487 7fd56761d000                    Options.max_compaction_bytes: 2684354550
2022/02/27-20:02:49.673489 7fd56761d000                        Options.arena_block_size: 33554432
2022/02/27-20:02:49.673491 7fd56761d000   Options.soft_pending_compaction_bytes_limit: 68719476736
2022/02/27-20:02:49.673494 7fd56761d000   Options.hard_pending_compaction_bytes_limit: 274877906944
2022/02/27-20:02:49.673496 7fd56761d000       Options.rate_limit_delay_max_milliseconds: 100
2022/02/27-20:02:49.673498 7fd56761d000                Options.disable_auto_compactions: 0
2022/02/27-20:02:49.673502 7fd56761d000                        Options.compaction_style: kCompactionStyleLevel
2022/02/27-20:02:49.673505 7fd56761d000                          Options.compaction_pri: kMinOverlappingRatio
2022/02/27-20:02:49.673507 7fd56761d000 Options.compaction_options_universal.size_ratio: 1
2022/02/27-20:02:49.673509 7fd56761d000 Options.compaction_options_universal.min_merge_width: 2
2022/02/27-20:02:49.673511 7fd56761d000 Options.compaction_options_universal.max_merge_width: 4294967295
2022/02/27-20:02:49.673513 7fd56761d000 Options.compaction_options_universal.max_size_amplification_percent: 200
2022/02/27-20:02:49.673515 7fd56761d000 Options.compaction_options_universal.compression_size_percent: -1
2022/02/27-20:02:49.673518 7fd56761d000 Options.compaction_options_universal.stop_style: kCompactionStopStyleTotalSize
2022/02/27-20:02:49.673520 7fd56761d000 Options.compaction_options_fifo.max_table_files_size: 1073741824
2022/02/27-20:02:49.673523 7fd56761d000 Options.compaction_options_fifo.allow_compaction: 0
2022/02/27-20:02:49.673532 7fd56761d000                   Options.table_properties_collectors: 
2022/02/27-20:02:49.673534 7fd56761d000                   Options.inplace_update_support: 0
2022/02/27-20:02:49.673536 7fd56761d000                 Options.inplace_update_num_locks: 10000
2022/02/27-20:02:49.673539 7fd56761d000               Options.memtable_prefix_bloom_size_ratio: 0.000000
2022/02/27-20:02:49.673541 7fd56761d000               Options.memtable_whole_key_filtering: 0
2022/02/27-20:02:49.673543 7fd56761d000   Options.memtable_huge_page_size: 0
2022/02/27-20:02:49.673545 7fd56761d000                           Options.bloom_locality: 0
2022/02/27-20:02:49.673547 7fd56761d000                    Options.max_successive_merges: 0
2022/02/27-20:02:49.673563 7fd56761d000                Options.optimize_filters_for_hits: 0
2022/02/27-20:02:49.673565 7fd56761d000                Options.paranoid_file_checks: 0
2022/02/27-20:02:49.673567 7fd56761d000                Options.force_consistency_checks: 1
2022/02/27-20:02:49.673569 7fd56761d000                Options.report_bg_io_stats: 0
2022/02/27-20:02:49.673571 7fd56761d000                               Options.ttl: 2592000
2022/02/27-20:02:49.673573 7fd56761d000          Options.periodic_compaction_seconds: 2592000
2022/02/27-20:02:49.673576 7fd56761d000                    Options.enable_blob_files: false
2022/02/27-20:02:49.673578 7fd56761d000                        Options.min_blob_size: 0
2022/02/27-20:02:49.673580 7fd56761d000                       Options.blob_file_size: 268435456
2022/02/27-20:02:49.673582 7fd56761d000                Options.blob_compression_type: NoCompression
2022/02/27-20:02:49.673584 7fd56761d000       Options.enable_blob_garbage_collection: false
2022/02/27-20:02:49.673586 7fd56761d000   Options.blob_garbage_collection_age_cutoff: 0.250000
2022/02/27-20:02:49.673652 7fd56761d000 [db/db_impl/db_impl.cc:2662] Created column family [meta] (ID 1)
2022/02/27-20:02:50.007742 7fd56761d000 [db/column_family.cc:598] --------------- Options for column family [dead_slots]:
2022/02/27-20:02:50.007758 7fd56761d000               Options.comparator: leveldb.BytewiseComparator
2022/02/27-20:02:50.007762 7fd56761d000           Options.merge_operator: None
2022/02/27-20:02:50.007764 7fd56761d000        Options.compaction_filter: None
2022/02/27-20:02:50.007767 7fd56761d000        Options.compaction_filter_factory: purged_slot_filter_factory(dead_slots)
2022/02/27-20:02:50.007770 7fd56761d000  Options.sst_partitioner_factory: None
2022/02/27-20:02:50.007772 7fd56761d000         Options.memtable_factory: SkipListFactory
2022/02/27-20:02:50.007774 7fd56761d000            Options.table_factory: BlockBasedTable
2022/02/27-20:02:50.007821 7fd56761d000            table_factory options:   flush_block_policy_factory: FlushBlockBySizePolicyFactory (0x5599bd0ce590)
  cache_index_and_filter_blocks: 0
  cache_index_and_filter_blocks_with_high_priority: 1
  pin_l0_filter_and_index_blocks_in_cache: 0
  pin_top_level_index_and_filter: 1
  index_type: 0
  data_block_index_type: 0
  index_shortening: 1
  data_block_hash_table_util_ratio: 0.750000
  hash_index_allow_collision: 1
  checksum: 1
  no_block_cache: 0
  block_cache: 0x5599bd0ce5e0
  block_cache_name: LRUCache
  block_cache_options:
    capacity : 8388608
    num_shard_bits : 4
    strict_capacity_limit : 0
    memory_allocator : None
    high_pri_pool_ratio: 0.000
  block_cache_compressed: (nil)
  persistent_cache: (nil)
  block_size: 4096
  block_size_deviation: 10
  block_restart_interval: 16
  index_block_restart_interval: 1
  metadata_block_size: 4096
  partition_filters: 0
  use_delta_encoding: 1
  filter_policy: nullptr
  whole_key_filtering: 1
  verify_compression: 0
  read_amp_bytes_per_bit: 0
  format_version: 5
  enable_index_compression: 1
  block_align: 0
2022/02/27-20:02:50.007827 7fd56761d000        Options.write_buffer_size: 268435456
2022/02/27-20:02:50.007830 7fd56761d000  Options.max_write_buffer_number: 8
2022/02/27-20:02:50.007832 7fd56761d000          Options.compression: NoCompression
2022/02/27-20:02:50.007835 7fd56761d000                  Options.bottommost_compression: Disabled
2022/02/27-20:02:50.007837 7fd56761d000       Options.prefix_extractor: nullptr
2022/02/27-20:02:50.007839 7fd56761d000   Options.memtable_insert_with_hint_prefix_extractor: nullptr
2022/02/27-20:02:50.007841 7fd56761d000             Options.num_levels: 7
2022/02/27-20:02:50.007843 7fd56761d000        Options.min_write_buffer_number_to_merge: 1
2022/02/27-20:02:50.007845 7fd56761d000     Options.max_write_buffer_number_to_maintain: 0
2022/02/27-20:02:50.007847 7fd56761d000     Options.max_write_buffer_size_to_maintain: 0
2022/02/27-20:02:50.007850 7fd56761d000            Options.bottommost_compression_opts.window_bits: -14
2022/02/27-20:02:50.007852 7fd56761d000                  Options.bottommost_compression_opts.level: 32767
2022/02/27-20:02:50.007854 7fd56761d000               Options.bottommost_compression_opts.strategy: 0
2022/02/27-20:02:50.007856 7fd56761d000         Options.bottommost_compression_opts.max_dict_bytes: 0
2022/02/27-20:02:50.007858 7fd56761d000         Options.bottommost_compression_opts.zstd_max_train_bytes: 0
2022/02/27-20:02:50.007860 7fd56761d000         Options.bottommost_compression_opts.parallel_threads: 1
2022/02/27-20:02:50.007862 7fd56761d000                  Options.bottommost_compression_opts.enabled: false
2022/02/27-20:02:50.007864 7fd56761d000         Options.bottommost_compression_opts.max_dict_buffer_bytes: 0
2022/02/27-20:02:50.007867 7fd56761d000            Options.compression_opts.window_bits: -14
2022/02/27-20:02:50.007870 7fd56761d000                  Options.compression_opts.level: 32767
2022/02/27-20:02:50.007873 7fd56761d000               Options.compression_opts.strategy: 0
2022/02/27-20:02:50.007877 7fd56761d000         Options.compression_opts.max_dict_bytes: 0
2022/02/27-20:02:50.007880 7fd56761d000         Options.compression_opts.zstd_max_train_bytes: 0
2022/02/27-20:02:50.007883 7fd56761d000         Options.compression_opts.parallel_threads: 1
2022/02/27-20:02:50.007917 7fd56761d000                  Options.compression_opts.enabled: false
2022/02/27-20:02:50.007921 7fd56761d000         Options.compression_opts.max_dict_buffer_bytes: 0
2022/02/27-20:02:50.007923 7fd56761d000      Options.level0_file_num_compaction_trigger: 4
2022/02/27-20:02:50.007925 7fd56761d000          Options.level0_slowdown_writes_trigger: 20
2022/02/27-20:02:50.007928 7fd56761d000              Options.level0_stop_writes_trigger: 36
2022/02/27-20:02:50.007930 7fd56761d000                   Options.target_file_size_base: 107374182
2022/02/27-20:02:50.007932 7fd56761d000             Options.target_file_size_multiplier: 1
2022/02/27-20:02:50.007934 7fd56761d000                Options.max_bytes_for_level_base: 1073741824
2022/02/27-20:02:50.007936 7fd56761d000 Options.level_compaction_dynamic_level_bytes: 0
2022/02/27-20:02:50.007938 7fd56761d000          Options.max_bytes_for_level_multiplier: 10.000000
2022/02/27-20:02:50.007943 7fd56761d000 Options.max_bytes_for_level_multiplier_addtl[0]: 1
2022/02/27-20:02:50.007946 7fd56761d000 Options.max_bytes_for_level_multiplier_addtl[1]: 1
2022/02/27-20:02:50.007948 7fd56761d000 Options.max_bytes_for_level_multiplier_addtl[2]: 1
2022/02/27-20:02:50.007950 7fd56761d000 Options.max_bytes_for_level_multiplier_addtl[3]: 1
2022/02/27-20:02:50.007952 7fd56761d000 Options.max_bytes_for_level_multiplier_addtl[4]: 1
2022/02/27-20:02:50.007954 7fd56761d000 Options.max_bytes_for_level_multiplier_addtl[5]: 1
2022/02/27-20:02:50.007956 7fd56761d000 Options.max_bytes_for_level_multiplier_addtl[6]: 1
2022/02/27-20:02:50.007958 7fd56761d000       Options.max_sequential_skip_in_iterations: 8
2022/02/27-20:02:50.007960 7fd56761d000                    Options.max_compaction_bytes: 2684354550
2022/02/27-20:02:50.007963 7fd56761d000                        Options.arena_block_size: 33554432
2022/02/27-20:02:50.007965 7fd56761d000   Options.soft_pending_compaction_bytes_limit: 68719476736
2022/02/27-20:02:50.007967 7fd56761d000   Options.hard_pending_compaction_bytes_limit: 274877906944
2022/02/27-20:02:50.007969 7fd56761d000       Options.rate_limit_delay_max_milliseconds: 100
2022/02/27-20:02:50.007971 7fd56761d000                Options.disable_auto_compactions: 0
2022/02/27-20:02:50.007975 7fd56761d000                        Options.compaction_style: kCompactionStyleLevel
2022/02/27-20:02:50.007979 7fd56761d000                          Options.compaction_pri: kMinOverlappingRatio
2022/02/27-20:02:50.007981 7fd56761d000 Options.compaction_options_universal.size_ratio: 1
2022/02/27-20:02:50.007983 7fd56761d000 Options.compaction_options_universal.min_merge_width: 2
2022/02/27-20:02:50.007985 7fd56761d000 Options.compaction_options_universal.max_merge_width: 4294967295
2022/02/27-20:02:50.007987 7fd56761d000 Options.compaction_options_universal.max_size_amplification_percent: 200
2022/02/27-20:02:50.007989 7fd56761d000 Options.compaction_options_universal.compression_size_percent: -1
2022/02/27-20:02:50.007992 7fd56761d000 Options.compaction_options_universal.stop_style: kCompactionStopStyleTotalSize
2022/02/27-20:02:50.007994 7fd56761d000 Options.compaction_options_fifo.max_table_files_size: 1073741824
2022/02/27-20:02:50.007996 7fd56761d000 Options.compaction_options_fifo.allow_compaction: 0
2022/02/27-20:02:50.008005 7fd56761d000                   Options.table_properties_collectors: 
2022/02/27-20:02:50.008007 7fd56761d000                   Options.inplace_update_support: 0
2022/02/27-20:02:50.008009 7fd56761d000                 Options.inplace_update_num_locks: 10000
2022/02/27-20:02:50.008012 7fd56761d000               Options.memtable_prefix_bloom_size_ratio: 0.000000
2022/02/27-20:02:50.008014 7fd56761d000               Options.memtable_whole_key_filtering: 0
2022/02/27-20:02:50.008016 7fd56761d000   Options.memtable_huge_page_size: 0
2022/02/27-20:02:50.008019 7fd56761d000                           Options.bloom_locality: 0
2022/02/27-20:02:50.008021 7fd56761d000                    Options.max_successive_merges: 0
2022/02/27-20:02:50.008035 7fd56761d000                Options.optimize_filters_for_hits: 0
2022/02/27-20:02:50.008037 7fd56761d000                Options.paranoid_file_checks: 0
2022/02/27-20:02:50.008039 7fd56761d000                Options.force_consistency_checks: 1
2022/02/27-20:02:50.008041 7fd56761d000                Options.report_bg_io_stats: 0
2022/02/27-20:02:50.008043 7fd56761d000                               Options.ttl: 2592000
2022/02/27-20:02:50.008046 7fd56761d000          Options.periodic_compaction_seconds: 2592000
2022/02/27-20:02:50.008048 7fd56761d000                    Options.enable_blob_files: false
2022/02/27-20:02:50.008050 7fd56761d000                        Options.min_blob_size: 0
2022/02/27-20:02:50.008052 7fd56761d000                       Options.blob_file_size: 268435456
2022/02/27-20:02:50.008054 7fd56761d000                Options.blob_compression_type: NoCompression
2022/02/27-20:02:50.008057 7fd56761d000       Options.enable_blob_garbage_collection: false
2022/02/27-20:02:50.008059 7fd56761d000   Options.blob_garbage_collection_age_cutoff: 0.250000
2022/02/27-20:02:50.008115 7fd56761d000 [db/db_impl/db_impl.cc:2662] Created column family [dead_slots] (ID 2)
2022/02/27-20:02:50.252559 7fd56761d000 [db/column_family.cc:598] --------------- Options for column family [duplicate_slots]:
2022/02/27-20:02:50.252584 7fd56761d000               Options.comparator: leveldb.BytewiseComparator
2022/02/27-20:02:50.252590 7fd56761d000           Options.merge_operator: None
2022/02/27-20:02:50.252595 7fd56761d000        Options.compaction_filter: None
2022/02/27-20:02:50.252599 7fd56761d000        Options.compaction_filter_factory: purged_slot_filter_factory(duplicate_slots)
2022/02/27-20:02:50.252603 7fd56761d000  Options.sst_partitioner_factory: None
2022/02/27-20:02:50.252607 7fd56761d000         Options.memtable_factory: SkipListFactory
2022/02/27-20:02:50.252611 7fd56761d000            Options.table_factory: BlockBasedTable
2022/02/27-20:02:50.252692 7fd56761d000            table_factory options:   flush_block_policy_factory: FlushBlockBySizePolicyFactory (0x5599bd0d0800)
  cache_index_and_filter_blocks: 0
  cache_index_and_filter_blocks_with_high_priority: 1
  pin_l0_filter_and_index_blocks_in_cache: 0
  pin_top_level_index_and_filter: 1
  index_type: 0
  data_block_index_type: 0
  index_shortening: 1
  data_block_hash_table_util_ratio: 0.750000
  hash_index_allow_collision: 1
  checksum: 1
  no_block_cache: 0
  block_cache: 0x5599bd0d0850
  block_cache_name: LRUCache
  block_cache_options:
    capacity : 8388608
    num_shard_bits : 4
    strict_capacity_limit : 0
    memory_allocator : None
    high_pri_pool_ratio: 0.000
  block_cache_compressed: (nil)
  persistent_cache: (nil)
  block_size: 4096
  block_size_deviation: 10
  block_restart_interval: 16
  index_block_restart_interval: 1
  metadata_block_size: 4096
  partition_filters: 0
  use_delta_encoding: 1
  filter_policy: nullptr
  whole_key_filtering: 1
  verify_compression: 0
  read_amp_bytes_per_bit: 0
  format_version: 5
  enable_index_compression: 1
  block_align: 0
2022/02/27-20:02:50.252698 7fd56761d000        Options.write_buffer_size: 268435456
2022/02/27-20:02:50.252701 7fd56761d000  Options.max_write_buffer_number: 8
2022/02/27-20:02:50.252705 7fd56761d000          Options.compression: NoCompression
2022/02/27-20:02:50.252709 7fd56761d000                  Options.bottommost_compression: Disabled
2022/02/27-20:02:50.252712 7fd56761d000       Options.prefix_extractor: nullptr
2022/02/27-20:02:50.252716 7fd56761d000   Options.memtable_insert_with_hint_prefix_extractor: nullptr
